member-table sweep, 2026-07-11
card scheme        load   B/mem   insNs   hitNs  missNs   mixNs   hitPr  missPr

10k  linear       0.500   10.00    23.4     9.1    12.5    10.6    1.49    2.47
10k  triangular   0.500   10.00     8.6     8.5    12.0    10.5    1.44    2.15
10k  group        0.500   10.00     7.4     6.8     4.9     6.2    1.01    1.06

10k  linear       0.600    8.33     9.3     9.9    14.1    12.7    1.76    3.64
10k  triangular   0.600    8.33     9.5     9.9    13.9    12.0    1.60    2.79
10k  group        0.600    8.33     6.2     7.0     5.9     6.8    1.02    1.17

10k  linear       0.700    7.14    20.2    11.4    16.1    14.2    2.19    6.03
10k  triangular   0.700    7.14     9.7    11.1    15.2    13.6    1.83    3.79
10k  group        0.700    7.14     4.4     7.5     7.6     7.9    1.06    1.37

10k  linear       0.800    6.25     8.0    12.9    19.7    16.9    2.97   12.81
10k  triangular   0.800    6.25     7.9    12.5    17.2    15.8    2.19    5.82
10k  group        0.800    6.25     4.4     8.0    12.1    10.4    1.13    1.92

10k  linear       0.875    5.71    16.2    14.9    28.2    22.0    4.39   30.86
10k  triangular   0.875    5.71     8.4    13.9    19.4    17.2    2.68    9.56
10k  group        0.875    5.71     4.6     9.1    17.1    13.5    1.23    3.03

10k  linear       0.900    5.56     9.6    15.4    33.3    25.3    5.35   43.21
10k  triangular   0.900    5.56     9.0    14.5    20.6    18.2    2.83   11.90
10k  group        0.900    5.56     8.2     9.4    18.4    14.6    1.29    3.64

1M   linear       0.500   10.00    10.3    18.4    14.0    17.7    1.50    2.52
1M   triangular   0.500   10.00     9.0    18.3    13.5    17.1    1.44    2.17
1M   group        0.500   10.00     6.7    21.0     6.0    14.9    1.01    1.06

1M   linear       0.600    8.33     9.8    20.0    17.1    20.5    1.75    3.65
1M   triangular   0.600    8.33     8.4    20.0    15.8    19.4    1.61    2.79
1M   group        0.600    8.33     5.9    21.0     7.5    15.9    1.02    1.16

1M   linear       0.700    7.14    12.5    22.1    20.1    24.2    2.18    6.07
1M   triangular   0.700    7.14    12.1    21.7    17.8    21.9    1.84    3.81
1M   group        0.700    7.14     5.6    22.4     9.9    17.6    1.06    1.38

1M   linear       0.800    6.25    10.2    24.2    24.6    27.7    3.00   12.94
1M   triangular   0.800    6.25    11.4    23.5    20.2    24.0    2.20    5.87
1M   group        0.800    6.25     7.9    24.3    14.8    21.1    1.13    1.91

1M   linear       0.875    5.71    11.3    26.9    35.9    36.0    4.46   31.70
1M   triangular   0.875    5.71    10.6    25.9    23.7    27.9    2.66    9.63
1M   group        0.875    5.71     6.7    25.0    22.2    26.0    1.23    2.93

1M   linear       0.900    5.56    13.8    28.1    46.2    41.5    5.46   48.97
1M   triangular   0.900    5.56    10.9    26.6    24.7    29.5    2.87   12.09
1M   group        0.900    5.56     6.9    25.6    24.9    28.0    1.28    3.62
